<<<<<<< HEAD
94.199449 96.777472 83.015466 89.309466 83.015466
82.066539 0.000000 90.713002 100.000000 94.199449
88.225045 96.777472 84.945746 100.000000 89.347873
85.422033 98.785201 81.042328 89.309466 16.777472
88.225045 96.777472 96.777472 100.000000 96.777472
=======
64.000000 64.000000 64.000000 80.000000 64.000000
64.000000 64.000000 64.000000 80.000000 64.000000
64.000000 64.000000 64.000000 80.000000 64.000000
64.000000 100.000000 64.000000 80.000000 64.000000
64.000000 64.000000 64.000000 80.000000 64.000000
>>>>>>> 1a21d91f6de84d75e66016834d52c1d1e804c800
